 0.100040E+04
 0.100060E+04
 0.100080E+04
 0.100100E+04
 0.100120E+04
 0.100140E+04
 0.100160E+04
 0.100180E+04
 0.100200E+04
 0.100220E+04
 0.100060E+04
 0.100080E+04
 0.100100E+04
 0.100120E+04
 0.100140E+04
 0.100160E+04
 0.100180E+04
 0.100200E+04
 0.100220E+04
 0.100240E+04
 0.100080E+04
 0.100100E+04
 0.100120E+04
 0.100140E+04
 0.100160E+04
 0.100180E+04
 0.100200E+04
 0.100220E+04
 0.100240E+04
 0.100260E+04
 0.100100E+04
 0.100120E+04
 0.100140E+04
 0.100160E+04
 0.100180E+04
 0.100200E+04
 0.100220E+04
 0.100240E+04
 0.100260E+04
 0.100280E+04
 0.100120E+04
 0.100140E+04
 0.100160E+04
 0.100180E+04
 0.100200E+04
 0.100220E+04
 0.100240E+04
 0.100260E+04
 0.100280E+04
 0.100300E+04
 0.100140E+04
 0.100160E+04
 0.100180E+04
 0.100200E+04
 0.100220E+04
 0.100240E+04
 0.100260E+04
 0.100280E+04
 0.100300E+04
 0.100320E+04
 0.100160E+04
 0.100180E+04
 0.100200E+04
 0.100220E+04
 0.100240E+04
 0.100260E+04
 0.100280E+04
 0.100300E+04
 0.100320E+04
 0.100340E+04
 0.100180E+04
 0.100200E+04
 0.100220E+04
 0.100240E+04
 0.100260E+04
 0.100280E+04
 0.100300E+04
 0.100320E+04
 0.100340E+04
 0.100360E+04
 0.100200E+04
 0.100220E+04
 0.100240E+04
 0.100260E+04
 0.100280E+04
 0.100300E+04
 0.100320E+04
 0.100340E+04
 0.100360E+04
 0.100380E+04
 0.100220E+04
 0.100240E+04
 0.100260E+04
 0.100280E+04
 0.100300E+04
 0.100320E+04
 0.100340E+04
 0.100360E+04
 0.100380E+04
 0.100400E+04
 0.100240E+04
 0.100260E+04
 0.100280E+04
 0.100300E+04
 0.100320E+04
 0.100340E+04
 0.100360E+04
 0.100380E+04
 0.100400E+04
 0.100420E+04
 0.100260E+04
 0.100280E+04
 0.100300E+04
 0.100320E+04
 0.100340E+04
 0.100360E+04
 0.100380E+04
 0.100400E+04
 0.100420E+04
 0.100440E+04
 0.100280E+04
 0.100300E+04
 0.100320E+04
 0.100340E+04
 0.100360E+04
 0.100380E+04
 0.100400E+04
 0.100420E+04
 0.100440E+04
 0.100460E+04
 0.100300E+04
 0.100320E+04
 0.100340E+04
 0.100360E+04
 0.100380E+04
 0.100400E+04
 0.100420E+04
 0.100440E+04
 0.100460E+04
 0.100480E+04
 0.100320E+04
 0.100340E+04
 0.100360E+04
 0.100380E+04
 0.100400E+04
 0.100420E+04
 0.100440E+04
 0.100460E+04
 0.100480E+04
 0.100500E+04
